11788 3
11789 3
11790 3
11791 3
11792 3
11793 3
11794 3
11795 3
11796 3
11797 3
11798 3
11799 3
11800 3
11801 4
11802 4
11803 4
11804 4
11805 4
11806 4
11807 4
11808 4
11809 4
11810 4
11811 4
11812 4
11813 8
11814 8
11815 8
11816 8
11817 8
11818 8
11819 8
11820 8
11821 8
11822 8
11823 8
11824 8
11825 9
11826 9
11827 9
11828 9
11829 9
11830 9
11831 9
11832 9
11833 9
11834 9
11835 9
11836 9
11837 9
11838 17
11839 17
11840 17
11841 17
11842 17
11843 17
11844 17
11845 17
11846 17
11847 17
11848 17
11849 17
11850 17
11851 17
11852 19
11853 19
11854 19
11855 19
11856 19
11857 19
11858 19
11859 19
11860 19
11861 19
11862 19
11863 19
11864 20
11865 20
11866 20
11867 20
11868 20
11869 20
11870 20
11871 20
11872 20
11873 20
11874 20
11875 20
11876 22
11877 22
11878 22
11879 22
11880 22
11881 22
11882 22
11883 22
11884 22
11885 22
11886 22
11887 22
11888 22
11889 22
11890 22
11891 22
11892 23
11893 23
11894 23
11895 23
11896 23
11897 23
11898 23
11899 23
11900 23
11901 23
11902 23
11903 23
11904 24
11905 24
11906 24
11907 24
11908 24
11909 24
11910 24
11911 24
11912 24
11913 24
11914 24
11915 24
11916 25
11917 25
11918 25
11919 25
11920 25
11921 25
11922 25
11923 25
11924 25
11925 25
11926 25
11927 25
11928 25
11929 26
11930 26
11931 26
11932 26
11933 26
11934 26
11935 26
11936 26
11937 26
11938 26
11939 26
11940 26
11941 27
11942 27
11943 27
11944 27
11945 27
11946 27
11947 27
11948 27
11949 27
11950 27
11951 27
11952 27
11953 29
11954 29
11955 29
11956 29
11957 29
11958 29
11959 29
11960 29
11961 29
11962 29
11963 29
11964 29
11965 30
11966 30
11967 30
11968 30
11969 30
11970 30
11971 30
11972 30
11973 30
11974 30
11975 30
11976 30
11977 35
11978 35
11979 35
11980 35
11981 35
11982 35
11983 35
11984 35
11985 35
11986 35
11987 35
11988 35
11989 37
11990 37
11991 37
11992 37
11993 37
11994 37
11995 37
11996 37
11997 37
11998 37
11999 37
12000 37
12001 37
12002 37
12003 37
12004 39
12005 39
12006 39
12007 39
12008 39
12009 39
12010 39
12011 39
12012 39
12013 39
12014 39
12015 39
12016 43
12017 43
12018 43
12019 43
12020 43
12021 43
12022 43
12023 43
12024 43
12025 43
12026 43
12027 43
12028 44
12029 44
12030 44
12031 44
12032 44
12033 44
12034 44
12035 44
12036 44
12037 44
12038 44
12039 46
12040 46
12041 46
12042 46
12043 46
12044 46
12045 46
12046 46
12047 46
12048 46
12049 46
12050 46
12051 46
12052 49
12053 49
12054 49
12055 49
12056 49
12057 49
12058 49
12059 49
12060 49
12061 49
12062 49
12063 49
12064 49
12065 49
12066 49
12067 49
12068 49
12069 49
12070 50
12071 50
12072 50
12073 50
12074 50
12075 50
12076 50
12077 50
12078 50
12079 50
12080 50
12081 50
12082 50
12083 50
12084 50
12085 50
12086 58
12087 58
12088 58
12089 58
12090 58
12091 58
12092 58
12093 58
12094 58
12095 58
12096 58
12097 58
12098 61
12099 61
12100 61
12101 61
12102 61
12103 61
12104 61
12105 61
12106 61
12107 61
12108 61
12109 61
12110 61
12111 61
12112 74
12113 74
12114 74
12115 74
12116 74
12117 74
12118 74
12119 74
12120 74
12121 74
12122 74
12123 74
12124 85
12125 85
12126 85
12127 85
12128 85
12129 85
12130 85
12131 85
12132 85
12133 85
12134 85
12135 85
12136 87
12137 87
12138 87
12139 87
12140 87
12141 87
12142 87
12143 87
12144 87
12145 87
12146 87
12147 87
12148 87
12149 87
12150 91
12151 91
12152 91
12153 91
12154 91
12155 91
12156 91
12157 91
12158 91
12159 91
12160 91
12161 91
12162 92
12163 92
12164 92
12165 92
12166 92
12167 92
12168 92
12169 92
12170 92
12171 92
12172 92
12173 92
12174 95
12175 95
12176 95
12177 95
12178 95
12179 95
12180 95
12181 95
12182 95
12183 95
12184 95
12185 95
12186 95
12187 101
12188 101
12189 101
12190 101
12191 101
12192 101
12193 101
12194 101
12195 101
12196 101
12197 101
12198 101
12199 101
12200 101
12201 101
12202 102
12203 102
12204 102
12205 102
12206 102
12207 102
12208 102
12209 102
12210 102
12211 102
12212 102
12213 102
12214 102
12215 102
12216 103
12217 103
12218 103
12219 103
12220 103
12221 103
12222 103
12223 103
12224 103
12225 103
12226 103
12227 103
12228 105
12229 105
12230 105
12231 105
12232 105
12233 105
12234 105
12235 105
12236 105
12237 105
12238 105
12239 105
12240 108
12241 108
12242 108
12243 108
12244 108
12245 108
12246 108
12247 108
12248 108
12249 108
12250 108
12251 108
12252 116
12253 116
12254 116
12255 116
12256 116
12257 116
12258 116
12259 116
12260 116
12261 116
12262 116
12263 116
12264 118
12265 118
12266 118
12267 118
12268 118
12269 118
12270 118
12271 118
12272 118
12273 118
12274 118
12275 118
12276 120
12277 120
12278 120
12279 120
12280 120
12281 120
12282 120
12283 120
12284 120
12285 120
12286 120
12287 120
12288 120
12289 120
12290 120
12291 131
12292 131
12293 131
12294 131
12295 131
12296 131
12297 131
12298 131
12299 131
12300 131
12301 131
12302 131
12303 140
12304 140
12305 140
12306 140
12307 140
12308 140
12309 140
12310 140
12311 140
12312 140
12313 140
12314 140
12315 142
12316 142
12317 142
12318 142
12319 142
12320 142
12321 142
12322 142
12323 142
12324 142
12325 142
12326 142
12327 142
12328 142
12329 142
12330 143
12331 143
12332 143
12333 143
12334 143
12335 143
12336 143
12337 143
12338 143
12339 143
12340 143
12341 143
12342 143
12343 143
12344 143
12345 152
12346 152
12347 152
12348 152
12349 152
12350 152
12351 152
12352 152
12353 152
12354 152
12355 152
12356 152
12357 153
12358 153
12359 153
12360 153
12361 153
12362 153
12363 153
12364 153
12365 153
12366 153
12367 153
12368 153
12369 154
12370 154
12371 154
12372 154
12373 154
12374 154
12375 154
12376 154
12377 154
12378 154
12379 154
12380 154
12381 157
12382 157
12383 157
12384 157
12385 157
12386 157
12387 157
12388 157
12389 157
12390 157
12391 157
12392 157
12393 157
12394 157
12395 160
12396 160
12397 160
12398 160
12399 160
12400 160
12401 160
12402 160
12403 160
12404 160
12405 160
12406 160
12407 172
12408 172
12409 172
12410 172
12411 172
12412 172
12413 172
12414 172
12415 172
12416 172
12417 172
12418 172
12419 172
12420 173
12421 173
12422 173
12423 173
12424 173
12425 173
12426 173
12427 173
12428 173
12429 173
12430 173
12431 173
12432 175
12433 175
12434 175
12435 175
12436 175
12437 175
12438 175
12439 175
12440 175
12441 175
12442 175
12443 175
12444 178
12445 178
12446 178
12447 178
12448 178
12449 178
12450 178
12451 178
12452 178
12453 178
12454 178
12455 178
12456 179
12457 179
12458 179
12459 179
12460 179
12461 179
12462 179
12463 179
12464 179
12465 179
12466 179
12467 179
12468 184
12469 184
12470 184
12471 184
12472 184
12473 184
12474 184
12475 184
12476 184
12477 184
12478 184
12479 184
12480 186
12481 186
12482 186
12483 186
12484 186
12485 186
12486 186
12487 186
12488 186
12489 186
12490 186
12491 186
12492 195
12493 195
12494 195
12495 195
12496 195
12497 195
12498 195
12499 195
12500 195
12501 195
12502 195
12503 195
